(0,0), (1,0), (2,0), (3,0), (4,0), (4,1), (4,2) -> L
(0,0), (0,1), (0,2), (1,0), (2,0), (3,0), (3,1), (3,2) -> C
(0,0), (0,1), (0,2), (0,3), (0,4), (1,2), (2,2), (3,2), (4,2), (5,2) -> T
(0,0), (0,1), (0,2), (1,2), (2,1), (2,2), (3,2), (4,0), (4,1), (4,2) -> 3
(0,0), (0,2), (1,0), (1,2), (2,0), (2,2), (3,0), (3,1), (3,2) -> U
(0,0), (0,1), (0,2), (1,0), (2,0), (2,1), (2,2), (3,2), (4,0), (4,1), (4,2) -> 5
(0,0), (1,0), (2,0), (3,0), (1,1), (1,2), (1,3) -> ent
(1,0), (1,1), (1,2), (1,3), (0,3), (2,3), (3,3) -> imp
(0,0), (0,3), (1,0), (1,3), (2,0), (2,1), (2,2), (2,3), (3,0), (3,3), (4,0), (4,3) -> H
(0,0), (1,0), (2,0), (2,1), (2,2), (2,3), (3,3), (4,3) -> 4
(0,0), (0,1), (0,2), (0,3), (1,0), (1,3), (2,3), (3,3), (4,3) -> 7
(0,0), (0,1), (0,2), (1,2), (2,0), (2,1), (2,2), (3,0), (4,0), (5,0), (6,0) -> P
(0,0), (1,0), (2,0), (3,0), (4,0) -> I
(0,3), (1,3), (2,3), (3,3), (4,0), (4,1), (4,2), (4,3) -> ell
(0,0), (0,1), (0,2), (0,3), (0,4), (1,0), (1,4), (2,0), (2,3), (2,4), (3,0), (3,1) -> uber
(0,2), (1,2), (2,2), (3,0), (3,1), (3,2), (4,0), (5,0), (5,1), (5,2) -> d